ca fe ba be 
00 00 00 34 
00 80 0a 00 
13 00 47 07 
00 48 08 00 
49 0a 00 02 
00 4a 09 00 
4b 00 4c 07 
00 4d 0a 00 
06 00 47 08 
00 4e 0a 00 
06 00 4f 0a 
00 02 00 50 
0a 00 06 00 
51 0a 00 06 
00 52 0a 00 
1b 00 53 0a 
00 02 00 54 
0a 00 02 00 
55 07 00 56 
0a 00 10 00 
47 08 00 57 
07 00 58 0a 
00 59 00 5a 
0a 00 19 00 
5b 0a 00 10 
00 5c 08 00 
5d 08 00 5e 
07 00 5f 0a 
00 19 00 60 
07 00 61 08 
00 62 0a 00 
1b 00 4a 0a 
00 1b 00 63 
0a 00 1b 00 
64 0a 00 1b 
00 55 07 00 
65 0a 00 1b 
00 66 07 00 
67 01 00 06 
3c 69 6e 69 
74 3e 01 00 
03 28 29 56 
01 00 04 43 
6f 64 65 01 
00 0f 4c 69 
6e 65 4e 75 
6d 62 65 72 
54 61 62 6c 
65 01 00 12 
4c 6f 63 61 
6c 56 61 72 
69 61 62 6c 
65 54 61 62 
6c 65 01 00 
04 74 68 69 
73 01 00 0d 
4c 6c 65 63 
31 32 2f 41 
70 70 30 31 
3b 01 00 04 
6d 61 69 6e 
01 00 16 28 
5b 4c 6a 61 
76 61 2f 6c 
61 6e 67 2f 
53 74 72 69 
6e 67 3b 29 
56 01 00 0b 
61 42 79 74 
65 42 75 66 
66 65 72 01 
00 01 42 01 
00 0f 66 69 
6c 65 49 6e 
70 75 74 53 
74 72 65 61 
6d 01 00 19 
4c 6a 61 76 
61 2f 69 6f 
2f 46 69 6c 
65 49 6e 70 
75 74 53 74 
72 65 61 6d 
3b 01 00 0a 
62 79 74 65 
42 75 66 66 
65 72 01 00 
02 5b 42 01 
00 0c 73 74 
72 69 6e 67 
42 75 66 66 
65 72 01 00 
18 4c 6a 61 
76 61 2f 6c 
61 6e 67 2f 
53 74 72 69 
6e 67 42 75 
66 66 65 72 
3b 01 00 05 
63 6f 75 6e 
74 01 00 01 
49 01 00 06 
73 74 72 69 
6e 67 01 00 
12 4c 6a 61 
76 61 2f 6c 
61 6e 67 2f 
53 74 72 69 
6e 67 3b 01 
00 0b 70 72 
69 6e 74 53 
74 72 65 61 
6d 01 00 15 
4c 6a 61 76 
61 2f 69 6f 
2f 50 72 69 
6e 74 53 74 
72 65 61 6d 
3b 01 00 01 
65 01 00 15 
4c 6a 61 76 
61 2f 69 6f 
2f 49 4f 45 
78 63 65 70 
74 69 6f 6e 
3b 01 00 04 
61 72 67 73 
01 00 13 5b 
4c 6a 61 76 
61 2f 6c 61 
6e 67 2f 53 
74 72 69 6e 
67 3b 01 00 
0d 53 74 61 
63 6b 4d 61 
70 54 61 62 
6c 65 07 00 
3e 07 00 48 
07 00 32 07 
00 56 07 00 
65 01 00 0a 
53 6f 75 72 
63 65 46 69 
6c 65 01 00 
0a 41 70 70 
30 31 2e 6a 
61 76 61 0c 
00 24 00 25 
01 00 17 6a 
61 76 61 2f 
69 6f 2f 46 
69 6c 65 49 
6e 70 75 74 
53 74 72 65 
61 6d 01 00 
2b 6f 75 74 
2f 70 72 6f 
64 75 63 74 
69 6f 6e 2f 
4e 65 74 43 
72 61 63 6b 
65 72 2f 6c 
65 63 31 32 
2f 41 70 70 
30 31 2e 63 
6c 61 73 73 
0c 00 24 00 
68 07 00 69 
0c 00 6a 00 
3a 01 00 17 
6a 61 76 61 
2f 6c 61 6e 
67 2f 53 74 
72 69 6e 67 
42 75 69 6c 
64 65 72 01 
00 27 d0 a0 
d0 b0 d0 b7 
d0 bc d0 b5 
d1 80 20 d1 
84 d0 b0 d0 
b9 d0 bb d0 
b0 20 22 41 
70 70 30 31 
2e 63 6c 61 
73 73 22 3a 
20 0c 00 6b 
00 6c 0c 00 
6d 00 6e 0c 
00 6b 00 6f 
0c 00 70 00 
71 0c 00 72 
00 68 0c 00 
73 00 74 0c 
00 75 00 25 
01 00 16 6a 
61 76 61 2f 
6c 61 6e 67 
2f 53 74 72 
69 6e 67 42 
75 66 66 65 
72 01 00 04 
25 30 32 78 
01 00 10 6a 
61 76 61 2f 
6c 61 6e 67 
2f 4f 62 6a 
65 63 74 07 
00 76 0c 00 
77 00 78 0c 
00 79 00 7a 
0c 00 6b 00 
7b 01 00 01 
20 01 00 01 
0a 01 00 10 
6a 61 76 61 
2f 6c 61 6e 
67 2f 53 74 
72 69 6e 67 
0c 00 24 00 
7c 01 00 13 
6a 61 76 61 
2f 69 6f 2f 
50 72 69 6e 
74 53 74 72 
65 61 6d 01 
00 2f 6f 75 
74 2f 70 72 
6f 64 75 63 
74 69 6f 6e 
2f 4e 65 74 
43 72 61 63 
6b 65 72 2f 
6c 65 63 31 
32 2f 41 70 
70 30 31 2e 
63 6c 61 73 
73 2e 74 78 
74 0c 00 7d 
00 68 0c 00 
7e 00 25 01 
00 13 6a 61 
76 61 2f 69 
6f 2f 49 4f 
45 78 63 65 
70 74 69 6f 
6e 0c 00 72 
00 7f 01 00 
0b 6c 65 63 
31 32 2f 41 
70 70 30 31 
01 00 15 28 
4c 6a 61 76 
61 2f 6c 61 
6e 67 2f 53 
74 72 69 6e 
67 3b 29 56 
01 00 10 6a 
61 76 61 2f 
6c 61 6e 67 
2f 53 79 73 
74 65 6d 01 
00 03 6f 75 
74 01 00 06 
61 70 70 65 
6e 64 01 00 
2d 28 4c 6a 
61 76 61 2f 
6c 61 6e 67 
2f 53 74 72 
69 6e 67 3b 
29 4c 6a 61 
76 61 2f 6c 
61 6e 67 2f 
53 74 72 69 
6e 67 42 75 
69 6c 64 65 
72 3b 01 00 
09 61 76 61 
69 6c 61 62 
6c 65 01 00 
03 28 29 49 
01 00 1c 28 
49 29 4c 6a 
61 76 61 2f 
6c 61 6e 67 
2f 53 74 72 
69 6e 67 42 
75 69 6c 64 
65 72 3b 01 
00 08 74 6f 
53 74 72 69 
6e 67 01 00 
14 28 29 4c 
6a 61 76 61 
2f 6c 61 6e 
67 2f 53 74 
72 69 6e 67 
3b 01 00 07 
70 72 69 6e 
74 6c 6e 01 
00 04 72 65 
61 64 01 00 
07 28 5b 42 
49 49 29 49 
01 00 05 63 
6c 6f 73 65 
01 00 0e 6a 
61 76 61 2f 
6c 61 6e 67 
2f 42 79 74 
65 01 00 07 
76 61 6c 75 
65 4f 66 01 
00 13 28 42 
29 4c 6a 61 
76 61 2f 6c 
61 6e 67 2f 
42 79 74 65 
3b 01 00 06 
66 6f 72 6d 
61 74 01 00 
39 28 4c 6a 
61 76 61 2f 
6c 61 6e 67 
2f 53 74 72 
69 6e 67 3b 
5b 4c 6a 61 
76 61 2f 6c 
61 6e 67 2f 
4f 62 6a 65 
63 74 3b 29 
4c 6a 61 76 
61 2f 6c 61 
6e 67 2f 53 
74 72 69 6e 
67 3b 01 00 
2c 28 4c 6a 
61 76 61 2f 
6c 61 6e 67 
2f 53 74 72 
69 6e 67 3b 
29 4c 6a 61 
76 61 2f 6c 
61 6e 67 2f 
53 74 72 69 
6e 67 42 75 
66 66 65 72 
3b 01 00 1b 
28 4c 6a 61 
76 61 2f 6c 
61 6e 67 2f 
53 74 72 69 
6e 67 42 75 
66 66 65 72 
3b 29 56 01 
00 05 70 72 
69 6e 74 01 
00 05 66 6c 
75 73 68 01 
00 15 28 4c 
6a 61 76 61 
2f 6c 61 6e 
67 2f 4f 62 
6a 65 63 74 
3b 29 56 00 
21 00 23 00 
13 00 00 00 
00 00 02 00 
01 00 24 00 
25 00 01 00 
26 00 00 00 
2f 00 01 00 
01 00 00 00 
05 2a b7 00 
01 b1 00 00 
00 02 00 27 
00 00 00 06 
00 01 00 00 
00 08 00 28 
00 00 00 0c 
00 01 00 00 
00 05 00 29 
00 2a 00 00 
00 09 00 2b 
00 2c 00 01 
00 26 00 00 
01 d9 00 06 
00 09 00 00 
00 c8 bb 00 
02 59 12 03 
b7 00 04 4c 
b2 00 05 bb 
00 06 59 b7 
00 07 12 08 
b6 00 09 2b 
b6 00 0a b6 
00 0b b6 00 
0c b6 00 0d 
2b b6 00 0a 
bc 08 4d 2b 
2c 03 2b b6 
00 0a b6 00 
0e 57 2b b6 
00 0f bb 00 
10 59 b7 00 
11 4e 03 36 
04 2c 3a 05 
19 05 be 36 
06 03 36 07 
15 07 15 06 
a2 00 40 19 
05 15 07 33 
36 08 84 04 
01 2d 12 12 
04 bd 00 13 
59 03 15 08 
b8 00 14 53 
b8 00 15 b6 
00 16 57 2d 
12 17 b6 00 
16 57 15 04 
07 a0 00 0d 
2d 12 18 b6 
00 16 57 03 
36 04 84 07 
01 a7 ff bf 
bb 00 19 59 
2d b7 00 1a 
3a 05 bb 00 
1b 59 12 1c 
b7 00 1d 3a 
06 19 06 19 
05 b6 00 1e 
19 06 b6 00 
1f 19 06 b6 
00 20 a7 00 
0b 4c b2 00 
05 2b b6 00 
22 b1 00 01 
00 00 00 bc 
00 bf 00 21 
00 03 00 27 
00 00 00 62 
00 18 00 00 
00 1f 00 0a 
00 20 00 26 
00 21 00 2d 
00 22 00 38 
00 23 00 3c 
00 24 00 44 
00 25 00 47 
00 26 00 60 
00 27 00 63 
00 28 00 79 
00 29 00 80 
00 2a 00 86 
00 2b 00 8d 
00 2c 00 90 
00 26 00 96 
00 2f 00 a0 
00 30 00 ab 
00 31 00 b2 
00 32 00 b7 
00 33 00 bc 
00 36 00 bf 
00 34 00 c0 
00 35 00 c7 
00 37 00 28 
00 00 00 5c 
00 09 00 60 
00 30 00 2d 
00 2e 00 08 
00 0a 00 b2 
00 2f 00 30 
00 01 00 2d 
00 8f 00 31 
00 32 00 02 
00 44 00 78 
00 33 00 34 
00 03 00 47 
00 75 00 35 
00 36 00 04 
00 a0 00 1c 
00 37 00 38 
00 05 00 ab 
00 11 00 39 
00 3a 00 06 
00 c0 00 07 
00 3b 00 3c 
00 01 00 00 
00 c8 00 3d 
00 3e 00 00 
00 3f 00 00 
00 2d 00 05 
ff 00 52 00 
08 07 00 40 
07 00 41 07 
00 42 07 00 
43 01 07 00 
42 01 01 00 
00 3d f8 00 
05 ff 00 28 
00 01 07 00 
40 00 01 07 
00 44 07 00 
01 00 45 00 
00 00 02 00 
46 